2769
3055
3218
3625
3641
3659
3694
3702
3708
3711
3712
3760
3847
3871
3880
3885
3914
3983
4039
4113
4232
4528
4529
4530
4533
4536
4537
4538
4555
4558
4572
4577
4641
4932
6183
6238
6239
6279
6282
6334
6412
6669
6945
7029
7070
7091
7159
7165
7176
7209
7217
7220
7222
7227
7230
7234
7237
7238
7240
7244
7245
7260
7375
7425
7460
7574
7668
7719
7757
7764
7897
7918
7955
7994
8010
8049
8078
8083
8090
8128
8154
8364
8502
8508
8663
8790
8823
8824
8839
8996
9031
9103
9157
9305
9315
9358
9361
9365
9371
9483
9516
9531
9545
9565
9601
9606
9615
9627
9646
9669
9685
9739
9785
9796
9813
9823
9913
9925
9940
9978
9986
10089
10090
10093
10096
10103
10116
10141
10228
12957
13146
13249
13333
13616
13686
13735
15368
27923
28377
28743
29159
29730
29760
30195
30464
30538
30611
30732
31033
31234
32264
32473
32507
33528
34506
34740
34839
35525
36166
37347
37548
37653
37682
38626
39758
40148
40149
40217
42254
43151
43179
44394
45157
45351
48698
48701
48709
49451
51511
52283
52904
54126
55577
57577
59463
59689
59729
59894
60711
61819
61853
64144
65489
69293
72004
72036
74533
77166
77586
79684
80972
81970
83772
88036
93934
94237
96440
99883
106582
106734
113334
113540
121225
126957
130081
132113
132585
132908
135651
136037
139649
144197
157791
158441
161767
161934
179676
198806
205130
210143
217634
225164
230844
242159
281687
283909
299123
303518
315563
321398
328815
336983
400682
407821
409849
452646
669202
